corps_id: c7c3f0df-a8ba-415e-b27d-35afc6e986b6
show_slug: corps-auto-staffing-with-visible-hiring
caption_scores:
  brass: 5.0
  guard: 70.0
  visual: 20.0
  percussion: 40.0
  general_effect: 12.5
  ensemble_technique: 0.0
raw_total: 24.700000000000003
final_score: 24.700000000000003
