season_id: changing-the-world-from-my-couch-2
competition_id: changing-the-world-from-my-couch-2-round-12
show_slug: improve-the-corps-list-page
generated_at: '2026-02-15T01:03:25.121136+00:00'
results:
- corps_id: 45b1dc02-2283-47c1-8420-b68c093b0061
  rank: 1
  final_score: 40.63
  raw_score: 40.63
  caption_scores:
    guard: 41.5
    visual: 38.5
    percussion: 40.0
    brass: 40.0
    ensemble_technique: 41.5
    general_effect: 41.5
- corps_id: 31f9c159-b6ec-4ea1-8ed9-803cf2183349
  rank: 2
  final_score: 38.535000000000004
  raw_score: 38.535000000000004
  caption_scores:
    brass: 40.0
    percussion: 40.0
    visual: 41.5
    guard: 40.0
    general_effect: 31.5
    ensemble_technique: 41.5
- corps_id: ca6a4d81-a1da-4036-8e9c-8ffc405ef5de
  rank: 3
  final_score: 38.31
  raw_score: 38.31
  caption_scores:
    visual: 40.0
    brass: 40.0
    guard: 41.5
    percussion: 41.5
    general_effect: 30.0
    ensemble_technique: 40.0
