corps_id: 4bfd7b68-2260-4b69-b389-9a8eda907da1
show_slug: corps-auto-staffing-with-visible-hiring
caption_scores:
  visual: 70.0
  guard: 41.5
  brass: 41.5
  ensemble_technique: 41.5
  percussion: 70.0
  general_effect: 20.0
raw_total: 45.035000000000004
final_score: 45.035000000000004
