corps_id: 5adef4c9-0202-40a4-a0c3-9575829cc2cf
show_slug: ui-usability-quick-start-tooltips-next-actions-css-fix
caption_scores:
  guard: 41.5
  brass: 41.5
  general_effect: 20.0
  ensemble_technique: 41.5
  visual: 70.0
  percussion: 70.0
raw_total: 45.035000000000004
final_score: 45.035000000000004
