corps_id: 98aa355c-08ad-4c15-ad8a-5a48eda083c0
show_slug: corps-lifecycle-redesign
caption_scores:
  guard: 22.5
  brass: 60.0
  visual: 33.5
  ensemble_technique: 68.5
  general_effect: 10.0
  percussion: 68.5
raw_total: 42.165000000000006
final_score: 42.165000000000006
