corps_id: 45b1dc02-2283-47c1-8420-b68c093b0061
show_slug: corps-lifecycle-redesign
caption_scores:
  percussion: 55.0
  visual: 55.0
  guard: 55.0
  brass: 50.0
  ensemble_technique: 50.0
  general_effect: 55.0
raw_total: 53.400000000000006
final_score: 53.400000000000006
