corps_id: 914f78aa-0d75-400d-bc9c-2c5a658149e3
show_slug: corps-auto-staffing-with-visible-hiring
caption_scores:
  guard: 30.0
  visual: 40.0
  percussion: 40.0
  general_effect: 41.5
  ensemble_technique: 41.5
  brass: 78.5
raw_total: 45.400000000000006
final_score: 45.400000000000006
