season_id: season-workshop-full-tour-system
generated_at: '2026-02-03T02:02:11.564338+00:00'
results:
- corps_id: 953434e8-ac46-4dca-8fa3-6a27b0930fed
  rank: 1
  final_score: 46.395
  raw_score: 46.395
  caption_scores:
    guard: 70.0
    brass: 73.5
    general_effect: 22.5
    visual: 25.0
    ensemble_technique: 20.0
    percussion: 65.0
- corps_id: 98aa355c-08ad-4c15-ad8a-5a48eda083c0
  rank: 2
  final_score: 42.165000000000006
  raw_score: 42.165000000000006
  caption_scores:
    guard: 22.5
    brass: 60.0
    visual: 33.5
    ensemble_technique: 68.5
    general_effect: 10.0
    percussion: 68.5
- corps_id: 46049915-8e5c-4f86-9b55-c744982720ea
  rank: 3
  final_score: 37.555
  raw_score: 37.555
  caption_scores:
    guard: 70.0
    brass: 73.0
    visual: 25.0
    ensemble_technique: 10.0
    general_effect: 10.0
    percussion: 38.5
