corps_id: c5f1d328-685a-4c60-9c8c-fd880e516571
show_slug: improve-the-corps-list-page
caption_scores:
  percussion: 40.0
  visual: 38.5
  guard: 41.5
  brass: 40.0
  general_effect: 31.5
  ensemble_technique: 48.5
raw_total: 39.480000000000004
final_score: 39.480000000000004
