corps_id: aba0e198-0842-4a72-9274-c5ffb5b6072a
show_slug: corps-logo-generation
caption_scores:
  percussion: 55.0
  visual: 60.0
  brass: 50.0
  guard: 50.0
  ensemble_technique: 46.5
  general_effect: 58.5
raw_total: 53.394999999999996
final_score: 53.394999999999996
