corps_id: ec4c11f9-faaa-4113-86b3-902d19200bcb
show_slug: stack-overflow
caption_scores:
  percussion: 41.5
  guard: 40.0
  brass: 40.0
  visual: 41.5
  general_effect: 40.0
  ensemble_technique: 41.5
raw_total: 40.660000000000004
final_score: 40.660000000000004
