corps_id: c5f1d328-685a-4c60-9c8c-fd880e516571
show_slug: dci-admin-chat-centralizing-swarm-enhancements
caption_scores:
  visual: 70.0
  brass: 31.5
  percussion: 41.5
  guard: 40.0
  general_effect: 40.0
  ensemble_technique: 70.0
raw_total: 46.910000000000004
final_score: 46.910000000000004
