corps_id: 7e95402f-0e83-4f4a-985a-a1d8b5af17a5
show_slug: improve-the-corps-list-page
caption_scores:
  percussion: 40.0
  brass: 40.0
  visual: 40.0
  guard: 41.5
  ensemble_technique: 51.5
  general_effect: 40.0
raw_total: 41.980000000000004
final_score: 41.980000000000004
