corps_id: ed5cd8c6-c0ee-4442-941e-e2cf9af0118e
show_slug: dci-admin-chat-centralizing-swarm-enhancements
caption_scores:
  visual: 40.0
  brass: 40.0
  guard: 40.0
  percussion: 41.5
  general_effect: 31.5
  ensemble_technique: 58.5
raw_total: 41.160000000000004
final_score: 41.160000000000004
