competition_id: winter-2026-comp-2
generated_at: '2026-03-01T03:46:02.434425+00:00'
results:
- caption_scores:
    brass: 41.5
    ensemble_technique: 41.5
    general_effect: 41.5
    guard: 61.5
    percussion: 40.0
    visual: 41.5
  corps_id: 7e95402f-0e83-4f4a-985a-a1d8b5af17a5
  final_score: 44.645
  rank: 1
  raw_score: 44.645
- caption_scores:
    brass: 41.5
    ensemble_technique: 40.0
    general_effect: 38.5
    guard: 38.5
    percussion: 41.5
    visual: 60.0
  corps_id: ec4c11f9-faaa-4113-86b3-902d19200bcb
  final_score: 42.325
  rank: 2
  raw_score: 42.325
- caption_scores:
    brass: 40.0
    ensemble_technique: 40.0
    general_effect: 40.0
    guard: 31.5
    percussion: 41.5
    visual: 40.0
  corps_id: 45b1dc02-2283-47c1-8420-b68c093b0061
  final_score: 38.81
  rank: 3
  raw_score: 38.81
- caption_scores:
    brass: 41.5
    ensemble_technique: 40.0
    general_effect: 31.5
    guard: 40.0
    percussion: 40.0
    visual: 40.0
  corps_id: c5f1d328-685a-4c60-9c8c-fd880e516571
  final_score: 38.385000000000005
  rank: 4
  raw_score: 38.385000000000005
season_id: winter-2026
