corps_id: a70caca0-ad69-4ef8-977d-5db404e92420
show_slug: asynchronous-messaging-system
caption_scores:
  brass: 80
  percussion: 64
  guard: 87
  visual: 86
  general_effect: 64
raw_total: 75.10000000000001
final_score: 75.10000000000001
