corps_id: 31f9c159-b6ec-4ea1-8ed9-803cf2183349
show_slug: ui-usability-quick-start-tooltips-next-actions-css-fix
caption_scores:
  percussion: 40.0
  visual: 40.0
  guard: 50.0
  brass: 40.0
  ensemble_technique: 43.5
  general_effect: 43.5
raw_total: 42.995000000000005
final_score: 42.995000000000005
