corps_id: 31f9c159-b6ec-4ea1-8ed9-803cf2183349
show_slug: improve-the-corps-list-page
caption_scores:
  brass: 40.0
  percussion: 40.0
  visual: 41.5
  guard: 40.0
  general_effect: 31.5
  ensemble_technique: 41.5
raw_total: 38.535000000000004
final_score: 38.535000000000004
