corps_id: 1991af56-4e7a-4671-9574-da55c518989e
show_slug: corps-auto-staffing-with-visible-hiring
caption_scores:
  brass: 18.5
  guard: 60.0
  visual: 11.5
  percussion: 13.5
  ensemble_technique: 0.0
  general_effect: 10.0
raw_total: 19.220000000000002
final_score: 19.220000000000002
