corps_id: e503c207-1d63-460d-b080-63a92a17e979
show_slug: improve-the-corps-list-page
caption_scores:
  guard: 41.5
  percussion: 58.5
  visual: 40.0
  brass: 40.0
  ensemble_technique: 40.0
  general_effect: 40.0
raw_total: 43.400000000000006
final_score: 43.400000000000006
